# abs_path_raw: //10.9.105.19/public/kanai/PL/240709/edit/60s/650_reversed.txt
# abs_path_ref: //10.9.105.19/public/kanai/PL/240709/edit/1s/1sarhg_reversed.txt
# calibration: ['ArHg', 1, 'Lorentzian', [1013.975, 1128.71]]
# device: Unknown
# description: 
# fitting_function: 
# fitting_range: 
# fitting_values: 

941.7710775862068,5.0
942.760172413793,43.0
943.7492672413794,-26.0
944.7383620689656,9.0
945.7274568965516,-4.0
946.7165517241378,315.0
947.705646551724,718.0
948.6947413793101,789.0
949.6838362068963,1289.0
950.6729310344826,2234.0
951.6620258620688,2751.0
952.6511206896552,3009.0
953.6402155172414,3346.0
954.6293103448277,3793.0
955.6184051724139,4087.0
956.6074999999998,4207.0
957.5965948275862,4224.0
958.5856896551724,4243.0
959.5747844827586,4256.0
960.5638793103446,4265.0
961.552974137931,4212.0
962.5420689655172,4128.0
963.5311637931034,3986.0
964.5202586206896,3781.0
965.5093534482758,3599.0
966.4984482758621,3403.0
967.487543103448,3251.0
968.4766379310344,3126.0
969.4657327586206,2936.0
970.4548275862069,2811.0
971.4439224137931,2651.0
972.4330172413793,2576.0
973.4221120689656,2462.0
974.4112068965518,2487.0
975.4003017241379,2472.0
976.3893965517241,2564.0
977.3784913793102,2581.0
978.3675862068964,2683.0
979.3566810344827,2773.0
980.3457758620689,2878.0
981.3348706896551,2967.0
982.3239655172414,3043.0
983.3130603448276,3126.0
984.3021551724139,3136.0
985.2912499999999,3149.0
986.2803448275862,3161.0
987.2694396551724,3143.0
988.2585344827584,3171.0
989.2476293103447,3063.0
990.2367241379309,3094.0
991.2258189655172,3042.0
992.2149137931034,2977.0
993.2040086206897,2901.0
994.1931034482759,2858.0
995.1821982758622,2708.0
996.1712931034482,2670.0
997.1603879310344,2584.0
998.1494827586207,2554.0
999.1385775862067,2512.0
1000.127672413793,2469.0
1001.1167672413792,2530.0
1002.1058620689655,2552.0
1003.0949568965517,2545.0
1004.0840517241378,2667.0
1005.0731465517241,2779.0
1006.0622413793104,2837.0
1007.0513362068964,3062.0
1008.0404310344826,3278.0
1009.0295258620689,3536.0
1010.0186206896551,3865.0
1011.0077155172414,4188.0
1011.9968103448276,4661.0
1012.9859051724136,5212.0
1013.9749999999999,5812.0
1014.9640948275861,6511.0
1015.9531896551724,7261.0
1016.9422844827586,8111.0
1017.9313793103449,9028.0
1018.9204741379309,10001.0
1019.9095689655171,10993.0
1020.8986637931034,11884.0
1021.8877586206897,12816.0
1022.8768534482758,13466.0
1023.8659482758619,14042.0
1024.8550431034482,14476.0
1025.8441379310345,14597.0
1026.8332327586206,14466.0
1027.822327586207,14042.0
1028.811422413793,13417.0
1029.800517241379,12679.0
1030.7896120689654,11819.0
1031.7787068965517,10991.0
1032.767801724138,10170.0
1033.756896551724,9323.0
1034.7459913793102,8614.0
1035.7350862068965,7965.0
1036.7241810344826,7359.0
1037.713275862069,6819.0
1038.7023706896553,6359.0
1039.6914655172413,5946.0
1040.6805603448274,5587.0
1041.6696551724137,5254.0
1042.65875,4972.0
1043.6478448275861,4756.0
1044.636939655172,4485.0
1045.6260344827583,4271.0
1046.6151293103446,3999.0
1047.604224137931,3821.0
1048.5933189655173,3602.0
1049.5824137931036,3454.0
1050.5715086206897,3351.0
1051.5606034482757,3150.0
1052.549698275862,3086.0
1053.5387931034484,3042.0
1054.5278879310345,3035.0
1055.5169827586203,3064.0
1056.5060775862066,3043.0
1057.495172413793,3090.0
1058.484267241379,3188.0
1059.4733620689656,3183.0
1060.4624568965517,3312.0
1061.4515517241377,3333.0
1062.440646551724,3393.0
1063.4297413793104,3496.0
1064.4188362068967,3437.0
1065.4079310344825,3445.0
1066.3970258620689,3345.0
1067.3861206896552,3299.0
1068.3752155172413,3155.0
1069.3643103448276,3014.0
1070.3534051724139,2866.0
1071.3425,2703.0
1072.3315948275863,2551.0
1073.3206896551724,2388.0
1074.3097844827587,2285.0
1075.2988793103448,2183.0
1076.2879741379309,2047.0
1077.2770689655172,1983.0
1078.2661637931035,1910.0
1079.2552586206896,1904.0
1080.244353448276,1863.0
1081.2334482758622,1823.0
1082.2225431034483,1810.0
1083.2116379310346,1786.0
1084.200732758621,1843.0
1085.1898275862072,1848.0
1086.1789224137929,1858.0
1087.1680172413792,1957.0
1088.1571120689655,2026.0
1089.1462068965518,2084.0
1090.135301724138,2180.0
1091.1243965517242,2355.0
1092.1134913793103,2502.0
1093.1025862068964,2638.0
1094.0916810344827,2820.0
1095.080775862069,3079.0
1096.0698706896553,3315.0
1097.0589655172412,3609.0
1098.0480603448275,3957.0
1099.0371551724138,4305.0
1100.02625,4756.0
1101.0153448275862,5180.0
1102.0044396551725,5654.0
1102.9935344827586,6259.0
1103.9826293103447,6769.0
1104.971724137931,7429.0
1105.9608189655173,8046.0
1106.9499137931034,8688.0
1107.9390086206895,9296.0
1108.9281034482758,9867.0
1109.9171982758621,10402.0
1110.9062931034482,11037.0
1111.8953879310345,11547.0
1112.8844827586208,12123.0
1113.873577586207,12648.0
1114.862672413793,13169.0
1115.8517672413793,13947.0
1116.8408620689656,14579.0
1117.8299568965515,15277.0
1118.8190517241378,16109.0
1119.8081465517241,16895.0
1120.7972413793104,17425.0
1121.7863362068965,18180.0
1122.7754310344828,18868.0
1123.764525862069,19295.0
1124.753620689655,19503.0
1125.7427155172413,19618.0
1126.7318103448276,19307.0
1127.720905172414,18939.0
1128.7099999999998,18267.0
1129.6990948275861,17661.0
1130.6881896551724,16697.0
1131.6772844827585,15523.0
1132.6663793103448,14210.0
1133.6554741379312,12859.0
1134.644568965517,12091.0
1135.633663793103,11213.0
1136.6227586206896,10230.0
1137.6118534482757,9367.0
1138.600948275862,8612.0
1139.5900431034481,7913.0
1140.5791379310344,7240.0
1141.5682327586208,6814.0
1142.5573275862068,6274.0
1143.5464224137932,5842.0
1144.5355172413795,5508.0
1145.5246120689656,5165.0
1146.5137068965516,4940.0
1147.502801724138,4736.0
1148.491896551724,4480.0
1149.4809913793101,4357.0
1150.4700862068964,4158.0
1151.4591810344828,4046.0
1152.448275862069,3996.0
1153.4373706896552,3916.0
1154.4264655172415,3803.0
1155.4155603448276,3765.0
1156.4046551724136,3715.0
1157.39375,3668.0
1158.3828448275863,3656.0
1159.3719396551726,3579.0
1160.3610344827587,3640.0
1161.350129310345,3592.0
1162.3392241379313,3670.0
1163.3283189655174,3659.0
1164.3174137931035,3730.0
1165.30650862069,3781.0
1166.2956034482759,3902.0
1167.284698275862,3935.0
1168.2737931034483,3995.0
1169.2628879310346,4086.0
1170.251982758621,4174.0
1171.2410775862068,4262.0
1172.230172413793,4318.0
1173.2192672413794,4442.0
1174.2083620689657,4528.0
1175.1974568965518,4595.0
1176.1865517241383,4690.0
1177.1756465517242,4744.0
1178.1647413793103,4795.0
1179.1538362068966,4867.0
1180.142931034483,4923.0
1181.1320258620688,4939.0
1182.121120689655,4879.0
1183.1102155172414,4857.0
1184.0993103448277,4696.0
1185.0884051724138,4620.0
1186.0775,4468.0
1187.0665948275862,4300.0
1188.0556896551723,4151.0
1189.0447844827586,3932.0
1190.033879310345,3738.0
1191.0229741379312,3583.0
1192.012068965517,3384.0
1193.0011637931034,3240.0
1193.9902586206897,3068.0
1194.9793534482758,2964.0
1195.968448275862,2843.0
1196.9575431034484,2746.0
1197.9466379310345,2699.0
1198.9357327586206,2621.0
1199.924827586207,2545.0
1200.9139224137932,2529.0
1201.9030172413793,2486.0
1202.8921120689654,2480.0
1203.8812068965517,2492.0
1204.870301724138,2443.0
1205.859396551724,2478.0
1206.8484913793104,2462.0
1207.8375862068967,2455.0
1208.8266810344828,2431.0
1209.815775862069,2447.0
1210.8048706896552,2396.0
1211.7939655172415,2414.0
1212.7830603448272,2412.0
1213.7721551724137,2374.0
1214.7612499999998,2351.0
1215.7503448275863,2320.0
1216.7394396551724,2248.0
1217.7285344827587,2243.0
1218.7176293103448,2263.0
1219.706724137931,2248.0
1220.6958189655172,2246.0
1221.6849137931035,2268.0
1222.6740086206894,2294.0
1223.6631034482755,2302.0
1224.652198275862,2346.0
1225.641293103448,2414.0
1226.6303879310344,2478.0
1227.6194827586205,2523.0
1228.6085775862068,2626.0
1229.5976724137931,2688.0
1230.5867672413792,2883.0
1231.5758620689655,2981.0
1232.5649568965518,3123.0
1233.554051724138,3327.0
1234.543146551724,3463.0
1235.5322413793103,3652.0
1236.5213362068966,3907.0
1237.5104310344827,4116.0
1238.499525862069,4349.0
1239.4886206896554,4620.0
1240.4777155172417,4905.0
1241.4668103448275,5201.0
1242.4559051724138,5426.0
1243.4450000000002,5703.0
1244.434094827586,5919.0
1245.4231896551723,6122.0
1246.4122844827587,6311.0
1247.401379310345,6422.0
1248.390474137931,6495.0
1249.3795689655174,6501.0
1250.3686637931037,6541.0
1251.3577586206898,6452.0
1252.3468534482759,6408.0
1253.3359482758624,6337.0
1254.3250431034483,6228.0
1255.3141379310343,6142.0
1256.3032327586207,5981.0
1257.292327586207,5912.0
1258.2814224137933,5827.0
1259.2705172413794,5746.0
1260.2596120689657,5656.0
1261.2487068965518,5631.0
1262.2378017241379,5500.0
1263.2268965517242,5520.0
1264.2159913793105,5438.0
1265.2050862068966,5395.0
1266.1941810344827,5366.0
1267.183275862069,5366.0
1268.1723706896553,5291.0
1269.1614655172414,5267.0
1270.1505603448277,5109.0
1271.139655172414,5092.0
1272.12875,5044.0
1273.1178448275862,4972.0
1274.1069396551725,4860.0
1275.0960344827588,4823.0
1276.0851293103447,4709.0
1277.074224137931,4616.0
1278.0633189655173,4516.0
1279.0524137931036,4435.0
1280.0415086206897,4283.0
1281.030603448276,4158.0
1282.019698275862,4051.0
1283.0087931034482,3975.0
1283.9978879310345,3846.0
1284.9869827586208,3749.0
1285.9760775862069,3627.0
1286.965172413793,3561.0
1287.9542672413793,3481.0
1288.9433620689656,3386.0
1289.932456896552,3315.0
1290.921551724138,3215.0
1291.9106465517243,3136.0
1292.8997413793104,3022.0
1293.8888362068965,3006.0
1294.8779310344828,2915.0
1295.867025862069,2854.0
1296.8561206896552,2788.0
1297.8452155172413,2709.0
1298.8343103448276,2714.0
1299.823405172414,2659.0
1300.8125,2592.0
1301.8015948275863,2520.0
1302.7906896551726,2535.0
1303.7797844827585,2476.0
1304.7688793103446,2423.0
1305.757974137931,2396.0
1306.7470689655174,2356.0
1307.7361637931033,2314.0
1308.7252586206896,2273.0
1309.714353448276,2188.0
1310.7034482758622,2201.0
1311.6925431034483,2152.0
1312.6816379310346,2106.0
1313.6707327586207,2125.0
1314.6598275862068,2066.0
1315.6489224137931,2042.0
1316.6380172413792,2013.0
1317.6271120689655,1994.0
1318.6162068965516,1936.0
1319.605301724138,1939.0
1320.5943965517242,1908.0
1321.5834913793105,1887.0
1322.5725862068966,1868.0
1323.561681034483,1831.0
1324.550775862069,1822.0
1325.5398706896551,1779.0
1326.5289655172414,1722.0
1327.5180603448277,1705.0
1328.507155172414,1686.0
1329.49625,1659.0
1330.4853448275865,1614.0
1331.4744396551728,1541.0
1332.4635344827589,1530.0
1333.4526293103452,1501.0
1334.441724137931,1473.0
1335.4308189655173,1455.0
1336.4199137931034,1411.0
1337.4090086206897,1369.0
1338.3981034482758,1347.0
1339.387198275862,1309.0
1340.3762931034482,1324.0
1341.3653879310345,1271.0
1342.354482758621,1215.0
1343.3435775862072,1166.0
1344.3326724137935,1223.0
1345.3217672413793,1130.0
1346.3108620689657,1178.0
1347.2999568965517,1097.0
1348.289051724138,1029.0
1349.2781465517241,1016.0
1350.2672413793102,1037.0
1351.2563362068965,990.0
1352.2454310344829,945.0
1353.2345258620692,928.0
1354.2236206896553,903.0
1355.2127155172416,902.0
1356.2018103448277,832.0
1357.1909051724137,826.0
1358.18,835.0
1359.1690948275864,833.0
1360.1581896551725,793.0
1361.1472844827586,801.0
1362.1363793103449,768.0
1363.1254741379312,708.0
1364.1145689655173,731.0
1365.1036637931036,720.0
1366.0927586206897,717.0
1367.081853448276,762.0
1368.070948275862,724.0
1369.0600431034484,665.0
1370.0491379310345,665.0
1371.0382327586206,703.0
1372.0273275862069,678.0
1373.0164224137932,598.0
1374.0055172413795,658.0
1374.9946120689656,629.0
1375.983706896552,628.0
1376.972801724138,623.0
1377.9618965517243,560.0
1378.9509913793104,574.0
1379.9400862068967,567.0
1380.9291810344826,544.0
1381.9182758620686,468.0
1382.907370689655,414.0
1383.8964655172415,419.0
1384.8855603448278,388.0
1385.874655172414,383.0
1386.8637500000002,353.0
1387.8528448275863,363.0
1388.8419396551724,324.0
1389.8310344827587,305.0
1390.820129310345,371.0
1391.8092241379309,346.0
1392.798318965517,303.0
1393.7874137931033,215.0
1394.7765086206898,229.0
1395.7656034482757,195.0
1396.754698275862,212.0
1397.7437931034483,162.0
1398.7328879310346,173.0
1399.7219827586207,183.0
1400.711077586207,112.0
1401.700172413793,171.0
1402.6892672413792,116.0
1403.6783620689655,125.0
1404.6674568965518,139.0
1405.6565517241381,173.0
1406.6456465517242,103.0
1407.6347413793105,143.0
1408.6238362068968,136.0
1409.6129310344832,130.0
1410.602025862069,112.0
1411.5911206896553,139.0
1412.5802155172414,145.0
1413.5693103448275,140.0
1414.5584051724138,124.0
1415.5475000000001,126.0
1416.5365948275864,118.0
1417.5256896551725,116.0
1418.5147844827588,115.0
1419.5038793103452,108.0
1420.4929741379312,98.0
1421.4820689655176,57.0
1422.4711637931036,116.0
1423.4602586206897,112.0
1424.4493534482758,90.0
1425.4384482758621,122.0
1426.4275431034484,102.0
1427.4166379310345,52.0
1428.4057327586208,68.0
1429.394827586207,93.0
1430.3839224137932,74.0
1431.3730172413793,81.0
1432.3621120689656,32.0
1433.3512068965517,66.0
1434.3403017241378,67.0
1435.3293965517241,82.0
1436.3184913793104,27.0
1437.3075862068968,42.0
1438.2966810344828,35.0
1439.2857758620692,-5.0
1440.2748706896552,22.0
1441.2639655172416,41.0
1442.2530603448276,51.0
1443.242155172414,63.0
1444.23125,79.0
1445.2203448275861,20.0
1446.2094396551724,52.0
1447.1985344827588,61.0
