#															
#	2	3	4	5	6	7	8	9	10	11	12	13	14	15	16
#E11_eV	E22_eV	E11_eV	E12_eV	E11_eV	EL1_eV	E11_eV	EL1*_eV	E11_eV	E22+G_eV	E11_eV	E22+2G_eV	E11_eV	ET1_eV	E11_eV	ET2_eV
1.217703271	1.688207066	1.217703271	1.686001983	1.217703271	1.732931116	1.217703271	1.852931116	1.217703271	1.885207066	1.217703271	2.082207066	1.217703271	1.794772306	1.217703271	2.040936721
1.19913924	1.700803012	1.19913924	1.67964361	1.19913924	1.70809633	1.19913924	1.82809633	1.19913924	1.897803012	1.19913924	2.094803012	1.19913924	1.787090107	1.19913924	2.030258494
1.14938458	1.724983947	1.14938458	1.658052666	1.14938458	1.640819701	1.14938458	1.760819701	1.14938458	1.921983947	1.14938458	2.118983947	1.14938458	1.76180008	1.14938458	1.99659686
1.081656325	1.734216706	1.081656325	1.617375145	1.081656325	1.547522472	1.081656325	1.667522472	1.081656325	1.931216706	1.081656325	2.128216706	1.081656325	1.715724666	1.081656325	1.938305158
1.038933204	2.014952828	1.038933204	1.761972598	1.038933204	1.530368325	1.038933204	1.650368325	1.038933204	2.211952828	1.038933204	2.408952828	1.038933204	1.865720013	1.038933204	2.100516793
1.03702219	1.947752218	1.03702219	1.719798491	1.03702219	1.5177338	1.03702219	1.6377338	1.03702219	2.144752218	1.03702219	2.341752218	1.03702219	1.821282053	1.03702219	2.050955378
1.02751688	1.835982918	1.02751688	1.646745902	1.02751688	1.488732002	1.02751688	1.608732002	1.02751688	2.032982918	1.02751688	2.229982918	1.02751688	1.744113539	1.02751688	1.964471875
1.005074131	1.708223447	1.005074131	1.557888448	1.005074131	1.441036154	1.005074131	1.561036154	1.005074131	1.905223447	1.005074131	2.102223447	1.005074131	1.649924875	1.005074131	1.858217842
1.084347647	1.567986077	1.084347647	1.541549847	1.084347647	1.536663892	1.084347647	1.656663892	1.084347647	1.764986077	1.084347647	1.961986077	1.084347647	1.637038832	1.084347647	1.853145482
1.060119525	1.577374797	1.060119525	1.529702815	1.060119525	1.504032878	1.060119525	1.624032878	1.060119525	1.774374797	1.060119525	1.971374797	1.060119525	1.623417856	1.060119525	1.835509791
1.017269762	1.585070378	1.017269762	1.504486678	1.017269762	1.445692968	1.017269762	1.565692968	1.017269762	1.782070378	1.017269762	1.979070378	1.017269762	1.594931577	1.017269762	1.799622664
0.963773274	1.578182201	0.963773274	1.465082543	0.963773274	1.371729304	0.963773274	1.491729304	0.963773274	1.775182201	0.963773274	1.972182201	0.963773274	1.551206594	0.963773274	1.746118919
0.945553545	1.800831254	0.945553545	1.588330486	0.945553545	1.377696849	0.945553545	1.497696849	0.945553545	1.997831254	0.945553545	2.194831254	0.945553545	1.679560739	0.945553545	1.886029207
0.939867833	1.736405906	0.939867833	1.545960214	0.939867833	1.361130258	0.939867833	1.481130258	0.939867833	1.933405906	0.939867833	2.130405906	0.939867833	1.634893392	0.939867833	1.836163218
0.926780414	1.646691128	0.926780414	1.484548355	0.926780414	1.331602292	0.926780414	1.451602292	0.926780414	1.843691128	0.926780414	2.040691128	0.926780414	1.570010751	0.926780414	1.763425649
0.904334502	1.547716065	0.904334502	1.413042823	0.904334502	1.289069899	0.904334502	1.409069899	0.904334502	1.744716065	0.904334502	1.941716065	0.904334502	1.49426474	0.904334502	1.678082763
0.982769908	1.457829811	0.982769908	1.421480543	0.982769908	1.387591786	0.982769908	1.507591786	0.982769908	1.654829811	0.982769908	1.851829811	0.982769908	1.50694294	0.982769908	1.700357837
0.973938132	1.459981889	0.973938132	1.416491682	0.973938132	1.375697001	0.973938132	1.495697001	0.973938132	1.656981889	0.973938132	1.853981889	0.973938132	1.501307444	0.973938132	1.693258903
0.949136365	1.463307773	0.949136365	1.401175662	0.949136365	1.342107221	0.949136365	1.462107221	0.949136365	1.660307773	0.949136365	1.857307773	0.949136365	1.484136176	0.949136365	1.671888919
0.912598354	1.460777587	0.912598354	1.375033541	0.912598354	1.292122647	0.912598354	1.412122647	0.912598354	1.657777587	0.912598354	1.854777587	0.912598354	1.455155336	0.912598354	1.636483609
0.869276854	1.446169707	0.869276854	1.33842627	0.869276854	1.232101765	0.869276854	1.352101765	0.869276854	1.643169707	0.869276854	1.840169707	0.869276854	1.415022641	0.869276854	1.588372321
0.868860316	1.65781983	0.868860316	1.465191765	0.868860316	1.25902754	0.868860316	1.37902754	0.868860316	1.85481983	0.868860316	2.05181983	0.868860316	1.547560401	0.868860316	1.73397363
0.865437693	1.625509683	0.865437693	1.443604601	0.865437693	1.25017309	0.865437693	1.37017309	0.865437693	1.822509683	0.865437693	2.019509683	0.865437693	1.524826518	0.865437693	1.708644541
0.857291802	1.567648571	0.857291802	1.403998882	0.857291802	1.231811159	0.857291802	1.351811159	0.857291802	1.764648571	0.857291802	1.961648571	0.857291802	1.483064079	0.857291802	1.662001106
0.842918286	1.494383695	0.842918286	1.351935136	0.842918286	1.203533076	0.842918286	1.323533076	0.842918286	1.691383695	0.842918286	1.888383695	0.842918286	1.428064925	0.842918286	1.600358658
0.821749338	1.415223705	0.821749338	1.293007311	0.821749338	1.166025828	0.821749338	1.286025828	0.821749338	1.612223705	0.821749338	1.809223705	0.821749338	1.365687903	0.821749338	1.530175559
0.894947764	1.361541476	0.894947764	1.316180259	0.894947764	1.260023938	0.894947764	1.380023938	0.894947764	1.558541476	0.894947764	1.755541476	0.894947764	1.393251896	0.894947764	1.567677179
0.882274295	1.362080339	0.882274295	1.307715458	0.882274295	1.242889085	0.882274295	1.362889085	0.882274295	1.559080339	0.882274295	1.756080339	0.882274295	1.383845247	0.882274295	1.55613898
0.858809652	1.360153764	0.858809652	1.290630187	0.858809652	1.210971359	0.858809652	1.330971359	0.858809652	1.557153764	0.858809652	1.754153764	0.858809652	1.364975437	0.858809652	1.533230474
0.827578992	1.35165546	0.827578992	1.265016169	0.827578992	1.168106442	0.827578992	1.288106442	0.827578992	1.54865546	0.827578992	1.74565546	0.827578992	1.336905298	0.827578992	1.499601746
0.791774123	1.333606455	0.791774123	1.231612566	0.791774123	1.118443755	0.791774123	1.238443755	0.791774123	1.530606455	0.791774123	1.727606455	0.791774123	1.300576155	0.791774123	1.456651646
0.801401281	1.514779639	0.801401281	1.345614219	0.801401281	1.153562987	0.801401281	1.273562987	0.801401281	1.711779639	0.801401281	1.908779639	0.801401281	1.419959468	0.801401281	1.588214505
0.796284326	1.480535836	0.796284326	1.321965625	0.796284326	1.142482373	0.796284326	1.262482373	0.796284326	1.677535836	0.796284326	1.874535836	0.796284326	1.39505188	0.796284326	1.560457614
0.786814735	1.429637798	0.786814735	1.285931376	0.786814735	1.123713015	0.786814735	1.243713015	0.786814735	1.626637798	0.786814735	1.823637798	0.786814735	1.357054346	0.786814735	1.518016857
0.772347404	1.368770308	0.772347404	1.241342052	0.772347404	1.097401183	0.772347404	1.217401183	0.772347404	1.565770308	0.772347404	1.762770308	0.772347404	1.309964516	0.772347404	1.465267988
0.752872985	1.303872982	0.752872985	1.191860934	0.752872985	1.064387304	0.752872985	1.184387304	0.752872985	1.500872982	0.752872985	1.697872982	0.752872985	1.257625068	0.752872985	1.406459687
