#	"#Lefebvre J, Finnie, APA 78 (2004) 1107-1110"							
#		Suspended		Micelles				
#n	m	E11	E22	E11	E22	dt_nm	E22/E11	É∆
12	1	|	|	1.059	1.556	0.967	|	3.963
11	3	1.06	1.593	1.036	1.565	0.985	1.502830189	11.741
10	5	1.011	1.601	0.992	1.577	0.91	1.583580613	19.11
9	7	0.964	1.588	0.937	1.569	1.072	1.647302905	25.87
10	6	0.929	1.651	0.898	1.64	1.081	1.777179763	21.78
9	8	0.904	1.55	0.877	1.533	1.009	1.71460177	28.05
13	3	0.865	1.64	0.828	1.631	1.137	1.895953757	10.16
12	5	0.86	1.566	0.829	1.559	1.168	1.820930233	16.63
