0.0000	1094
1.0000	1075
2.0000	1152
3.0000	1115
4.0000	1086
5.0000	1067
6.0000	1084
7.0000	1044
8.0000	1072
9.0000	1054
10.0000	1071
11.0000	1105
12.0000	1164
13.0000	1145
14.0000	1085
15.0000	1134
16.0000	1153
17.0000	1165
18.0000	1218
19.0000	1181
20.0000	1106
21.0000	1033
22.0000	1114
23.0000	1114
24.0000	1066
25.0000	1153
26.0000	1066
27.0000	1109
28.0000	1157
29.0000	1156
30.0000	1039
31.0000	1123
32.0000	1127
33.0000	1160
34.0000	1097
35.0000	1183
36.0000	1186
37.0000	1124
38.0000	1108
39.0000	1144
40.0000	1075
41.0000	1158
42.0000	1187
43.0000	1124
44.0000	1132
45.0000	1152
46.0000	1165
47.0000	1135
48.0000	1131
49.0000	1165
50.0000	1181
51.0000	1098
52.0000	1060
53.0000	1171
54.0000	1127
55.0000	1182
56.0000	1173
57.0000	1155
58.0000	1203
59.0000	1177
60.0000	1209
61.0000	1197
62.0000	1179
63.0000	1092
64.0000	1091
65.0000	1127
66.0000	1194
67.0000	1210
68.0000	1127
69.0000	1164
70.0000	1117
71.0000	1162
72.0000	1081
73.0000	1129
74.0000	1109
75.0000	1125
76.0000	1127
77.0000	1163
78.0000	1140
79.0000	1157
80.0000	1100
81.0000	1154
82.0000	1157
83.0000	1105
84.0000	1178
85.0000	1133
86.0000	1265
87.0000	1182
88.0000	1176
89.0000	1150
90.0000	1190
91.0000	1090
92.0000	1113
93.0000	1103
94.0000	1168
95.0000	1150
96.0000	1113
97.0000	1131
98.0000	1154
99.0000	1170
100.0000	1131
101.0000	1113
102.0000	1081
103.0000	1092
104.0000	1104
105.0000	1135
106.0000	1156
107.0000	1123
108.0000	1143
109.0000	1138
110.0000	1170
111.0000	1121
112.0000	1239
113.0000	1104
114.0000	1185
115.0000	1190
116.0000	1139
117.0000	1134
118.0000	1245
119.0000	1101
120.0000	1100
121.0000	1133
122.0000	1099
123.0000	1162
124.0000	1109
125.0000	1170
126.0000	1142
127.0000	1138
128.0000	1081
129.0000	1113
130.0000	1170
131.0000	1091
132.0000	1182
133.0000	1263
134.0000	1090
135.0000	1175
136.0000	1189
137.0000	1129
138.0000	1063
139.0000	1176
140.0000	1173
141.0000	1163
142.0000	1143
143.0000	1120
144.0000	1191
145.0000	1109
146.0000	1147
147.0000	1129
148.0000	1173
149.0000	1231
150.0000	1102
151.0000	1101
152.0000	1142
153.0000	1082
154.0000	1173
155.0000	1189
156.0000	1167
157.0000	1119
158.0000	1116
159.0000	1167
160.0000	1165
161.0000	1132
162.0000	1167
163.0000	1184
164.0000	1064
165.0000	1142
166.0000	1234
167.0000	1256
168.0000	1188
169.0000	1143
170.0000	1099
171.0000	1172
172.0000	1219
173.0000	1186
174.0000	1172
175.0000	1153
176.0000	1095
177.0000	1088
178.0000	1149
179.0000	1124
180.0000	1175
181.0000	1174
182.0000	1246
183.0000	1259
184.0000	1162
185.0000	1147
186.0000	1253
187.0000	1099
188.0000	1210
189.0000	1131
190.0000	1128
191.0000	1141
192.0000	1170
193.0000	1091
194.0000	1226
195.0000	1156
196.0000	1164
197.0000	1154
198.0000	1175
199.0000	1216
200.0000	1254
201.0000	1145
202.0000	1100
203.0000	1178
204.0000	1200
205.0000	1169
206.0000	1116
207.0000	1216
208.0000	1157
209.0000	1252
210.0000	1192
211.0000	1165
212.0000	1173
213.0000	1159
214.0000	1124
215.0000	1227
216.0000	1216
217.0000	1155
218.0000	1124
219.0000	1145
220.0000	1174
221.0000	1085
222.0000	1217
223.0000	1167
224.0000	1130
225.0000	1090
226.0000	1151
227.0000	1213
228.0000	1121
229.0000	1111
230.0000	1163
231.0000	1116
232.0000	1142
233.0000	1136
234.0000	1142
235.0000	1137
236.0000	1105
237.0000	1190
238.0000	1186
239.0000	1199
240.0000	1195
241.0000	1188
242.0000	1177
243.0000	1189
244.0000	1157
245.0000	1216
246.0000	1175
247.0000	1191
248.0000	1198
249.0000	1283
250.0000	1117
251.0000	1213
252.0000	1062
253.0000	1182
254.0000	1134
255.0000	1186
256.0000	1199
257.0000	1185
258.0000	1117
259.0000	1188
260.0000	1113
261.0000	1120
262.0000	1188
263.0000	1104
264.0000	1158
265.0000	1138
266.0000	1111
267.0000	1155
268.0000	1147
269.0000	1237
270.0000	1205
271.0000	1202
272.0000	1179
273.0000	1144
274.0000	1251
275.0000	1094
276.0000	1156
277.0000	1184
278.0000	1156
279.0000	1214
280.0000	1154
281.0000	1194
282.0000	1143
283.0000	1175
284.0000	1149
285.0000	1224
286.0000	1199
287.0000	1250
288.0000	1225
289.0000	1227
290.0000	1245
291.0000	1203
292.0000	1158
293.0000	1232
294.0000	1141
295.0000	1268
296.0000	1124
297.0000	1147
298.0000	1181
299.0000	1169
300.0000	1175
301.0000	1153
302.0000	1224
303.0000	1151
304.0000	1209
305.0000	1226
306.0000	1203
307.0000	1238
308.0000	1188
309.0000	1222
310.0000	1134
311.0000	1211
312.0000	1209
313.0000	1093
314.0000	1244
315.0000	1148
316.0000	1187
317.0000	1155
318.0000	1161
319.0000	1194
320.0000	1164
321.0000	1281
322.0000	1197
323.0000	1247
324.0000	1198
325.0000	1235
326.0000	1194
327.0000	1220
328.0000	1155
329.0000	1272
330.0000	1276
331.0000	1184
332.0000	1183
333.0000	1255
334.0000	1208
335.0000	1286
336.0000	1170
337.0000	1231
338.0000	1148
339.0000	1269
340.0000	1193
341.0000	1234
342.0000	1248
343.0000	1188
344.0000	1274
345.0000	1266
346.0000	1253
347.0000	1200
348.0000	1204
349.0000	1287
350.0000	1278
351.0000	1249
352.0000	1262
353.0000	1258
354.0000	1216
355.0000	1198
356.0000	1378
357.0000	1226
358.0000	1299
359.0000	1195
360.0000	1251
361.0000	1285
362.0000	1190
363.0000	1239
364.0000	1268
365.0000	1329
366.0000	1312
367.0000	1235
368.0000	1311
369.0000	1330
370.0000	1255
371.0000	1319
372.0000	1378
373.0000	1390
374.0000	1265
375.0000	1335
376.0000	1368
377.0000	1424
378.0000	1420
379.0000	1405
380.0000	1476
381.0000	1567
382.0000	1571
383.0000	1564
384.0000	1540
385.0000	1631
386.0000	1597
387.0000	1605
388.0000	1674
389.0000	1666
390.0000	1656
391.0000	1720
392.0000	1669
393.0000	1714
394.0000	1771
395.0000	1754
396.0000	1800
397.0000	1830
398.0000	1818
399.0000	1829
400.0000	1854
401.0000	1848
402.0000	1871
403.0000	1935
404.0000	1893
405.0000	1903
406.0000	1929
407.0000	1899
408.0000	1937
409.0000	1946
410.0000	1973
411.0000	1937
412.0000	2011
413.0000	1938
414.0000	2015
415.0000	2012
416.0000	2002
417.0000	2029
418.0000	1958
419.0000	1956
420.0000	1999
421.0000	1998
422.0000	1988
423.0000	2026
424.0000	1982
425.0000	2029
426.0000	1991
427.0000	2070
428.0000	2036
429.0000	2032
430.0000	2035
431.0000	2092
432.0000	2030
433.0000	2025
434.0000	1988
435.0000	1983
436.0000	2058
437.0000	2030
438.0000	1984
439.0000	2013
440.0000	2021
441.0000	2070
442.0000	2028
443.0000	2016
444.0000	2032
445.0000	2032
446.0000	2011
447.0000	2008
448.0000	1997
449.0000	2020
450.0000	2051
451.0000	2012
452.0000	1958
453.0000	1981
454.0000	1920
455.0000	1942
456.0000	1911
457.0000	1920
458.0000	1908
459.0000	1831
460.0000	1933
461.0000	1916
462.0000	1934
463.0000	1823
464.0000	1815
465.0000	1890
466.0000	1839
467.0000	1862
468.0000	1822
469.0000	1786
470.0000	1874
471.0000	1822
472.0000	1861
473.0000	1862
474.0000	1794
475.0000	1751
476.0000	1800
477.0000	1779
478.0000	1807
479.0000	1757
480.0000	1776
481.0000	1678
482.0000	1751
483.0000	1744
484.0000	1720
485.0000	1751
486.0000	1700
487.0000	1685
488.0000	1737
489.0000	1687
490.0000	1685
491.0000	1756
492.0000	1645
493.0000	1640
494.0000	1622
495.0000	1592
496.0000	1625
497.0000	1665
498.0000	1552
499.0000	1613
500.0000	1598
501.0000	1603
502.0000	1572
503.0000	1672
504.0000	1619
505.0000	1646
506.0000	1576
507.0000	1579
508.0000	1662
509.0000	1623
510.0000	1534
511.0000	1471
