754.0,853
754.9970645792564,877
755.9941291585127,950
756.9911937377691,974
757.9882583170254,867
758.9853228962818,848
759.9823874755382,951
760.9794520547945,1074
761.9765166340509,1697
762.9735812133073,3126
763.9706457925636,5361
764.96771037182,3669
765.9647749510763,1473
766.9618395303327,848
767.9589041095891,906
768.9559686888454,876
769.9530332681018,816
770.9500978473582,873
771.9471624266145,900
772.9442270058709,871
773.9412915851271,1171
774.9383561643835,1840
775.93542074364,4023
776.9324853228962,7579
777.9295499021526,4215
778.926614481409,1030
779.9236790606653,918
780.9207436399217,879
781.917808219178,911
782.9148727984344,986
783.9119373776908,1389
784.9090019569471,2793
785.9060665362035,4693
786.9031311154599,2427
787.9001956947162,932
788.8972602739726,918
789.8943248532289,853
790.8913894324853,865
791.8884540117417,937
792.885518590998,932
793.8825831702544,895
794.8796477495108,943
795.8767123287671,845
796.8737769080235,855
797.8708414872798,886
798.8679060665362,849
799.8649706457926,901
800.8620352250489,846
801.8590998043053,828
802.8561643835617,948
803.853228962818,937
804.8502935420744,918
805.8473581213307,971
806.8444227005871,1586
807.8414872798435,2951
808.8385518590998,2686
809.8356164383562,1026
810.8326810176126,886
811.8297455968689,1131
812.8268101761253,1736
813.8238747553816,3524
814.820939334638,3932
815.8180039138944,1805
816.8150684931506,924
817.812133072407,940
818.8091976516635,899
819.8062622309197,962
820.8033268101761,1069
821.8003913894324,1764
822.7974559686888,3957
823.7945205479452,7735
824.7915851272015,10065
825.7886497064579,4784
826.7857142857142,1005
827.7827788649706,976
828.779843444227,1024
829.7769080234833,930
830.7739726027397,891
831.7710371819961,912
832.7681017612524,937
833.7651663405088,1003
834.7622309197652,930
835.7592954990215,919
836.7563600782779,954
837.7534246575342,1510
838.7504892367906,3826
839.747553816047,8419
840.7446183953033,3705
841.7416829745597,1008
842.738747553816,894
843.7358121330724,927
844.7328767123288,915
845.7299412915851,840
846.7270058708415,877
847.7240704500979,950
848.7211350293542,920
849.7181996086106,889
850.715264187867,949
851.7123287671233,1020
852.7093933463797,2368
853.706457925636,6975
854.7035225048924,9040
855.7005870841488,9087
856.697651663405,4030
857.6947162426615,958
858.6917808219177,927
859.6888454011741,933
860.6859099804306,875
861.6829745596868,962
862.6800391389432,927
863.6771037181996,1270
864.6741682974559,2983
865.6712328767123,4871
866.6682974559687,1551
867.665362035225,944
868.6624266144814,916
869.6594911937377,885
870.6565557729941,900
871.6536203522505,883
872.6506849315068,868
873.6477495107632,937
874.6448140900195,906
875.6418786692759,923
876.6389432485323,912
877.6360078277886,895
878.633072407045,1007
879.6301369863014,1549
880.6272015655577,1468
881.6242661448141,1004
882.6213307240705,1109
883.6183953033268,2796
884.6154598825832,10183
885.6125244618395,7306
886.6095890410959,1000
887.6066536203523,969
888.6037181996086,929
889.600782778865,933
890.5978473581213,873
891.5949119373777,1014
892.5919765166341,978
893.5890410958904,919
894.5861056751468,873
895.5831702544031,963
896.5802348336595,944
897.5772994129159,899
898.5743639921723,939
899.5714285714286,982
900.568493150685,898
901.5655577299412,937
902.5626223091976,877
903.559686888454,1012
904.5567514677103,962
905.5538160469667,934
906.550880626223,1000
907.5479452054794,980
908.5450097847358,1108
909.5420743639921,958
910.5391389432485,964
911.5362035225048,1004
912.5332681017612,1020
913.5303326810176,1017
914.527397260274,1037
915.5244618395303,1067
916.5215264187867,1014
917.518590998043,984
918.5156555772994,1037
919.5127201565558,1077
920.5097847358121,1126
921.5068493150685,1058
922.5039138943248,1152
923.5009784735812,1368
924.4980430528376,15658
925.4951076320939,65535
926.4921722113503,23431
927.4892367906066,1323
928.486301369863,1092
929.4833659491194,1131
930.4804305283758,1088
931.4774951076321,1128
932.4745596868885,1256
933.4716242661448,1222
934.4686888454012,2759
935.4657534246576,15285
936.4628180039139,8699
937.4598825831703,1286
938.4569471624266,1096
939.454011741683,1032
940.4510763209394,992
941.4481409001957,1085
942.445205479452,1217
943.4422700587083,1118
944.4393346379647,928
945.4363992172212,951
946.4334637964776,899
947.4305283757338,996
948.4275929549902,1822
949.4246575342465,1400
950.4217221135029,1036
951.4187866927593,898
952.4158512720156,1006
953.412915851272,1027
954.4099804305283,885
955.4070450097847,972
956.4041095890411,963
957.4011741682974,1023
958.3982387475538,986
959.3953033268101,1014
960.3923679060665,1015
961.3894324853229,904
962.3864970645793,987
963.3835616438356,920
964.380626223092,932
965.3776908023483,962
966.3747553816047,964
967.3718199608611,950
968.3688845401174,938
969.3659491193738,1076
970.3630136986301,965
971.3600782778865,1050
972.3571428571429,965
973.3542074363992,1044
974.3512720156556,1097
975.3483365949119,1082
976.3454011741683,1096
977.3424657534247,1195
978.3395303326811,10627
979.3365949119374,35031
980.3336594911938,2948
981.3307240704501,1102
982.3277886497065,1024
983.3248532289629,1061
984.3219178082192,1009
985.3189823874756,1058
986.3160469667318,979
987.3131115459882,1001
988.3101761252447,965
989.3072407045009,915
990.3043052837573,1088
991.3013698630136,2793
992.29843444227,3395
993.2954990215264,1070
994.2925636007828,1016
995.2896281800391,1061
996.2866927592955,1063
997.2837573385518,1130
998.2808219178082,942
999.2778864970646,962
1000.2749510763209,987
1001.2720156555773,941
1002.2690802348336,1013
1003.26614481409,1005
1004.2632093933464,958
1005.2602739726027,1038
1006.2573385518591,1014
1007.2544031311154,1116
1008.2514677103718,1131
1009.2485322896282,1171
1010.2455968688846,1306
1011.2426614481409,1278
1012.2397260273972,1130
1013.2367906066536,1363
1014.23385518591,1227
1015.2309197651664,1422
1016.2279843444227,1376
1017.225048923679,1294
1018.2221135029354,1350
1019.2191780821918,1380
1020.2162426614482,1272
1021.2133072407045,1326
1022.2103718199609,1376
1023.2074363992172,1491
1024.2045009784736,1653
1025.20156555773,2009
1026.1986301369864,6254
1027.1956947162425,65535
1028.192759295499,65535
1029.1898238747553,4150
1030.1868884540118,2490
1031.1839530332682,1907
1032.1810176125246,1648
1033.1780821917807,1482
1034.1751467710371,1462
1035.1722113502935,1272
1036.16927592955,1358
1037.1663405088061,1427
1038.1634050880625,1242
1039.160469667319,1147
1040.1575342465753,1149
1041.1545988258317,1188
1042.1516634050881,1240
1043.1487279843445,1138
1044.1457925636007,1124
1045.142857142857,1069
1046.1399217221135,1062
1047.13698630137,1207
1048.134050880626,1044
1049.1311154598825,1056
1050.128180039139,930
1051.1252446183953,974
1052.1223091976517,979
1053.119373776908,973
1054.1164383561645,1010
1055.1135029354207,1044
1056.110567514677,975
1057.1076320939335,1015
1058.10469667319,971
1059.101761252446,1026
1060.0988258317025,5470
1061.0958904109589,7370
1062.0929549902153,1286
1063.0900195694717,963
1064.087084148728,1101
1065.0841487279843,1007
1066.0812133072407,966
1067.078277886497,968
1068.0753424657535,941
1069.0724070450096,965
1070.069471624266,1010
1071.0665362035224,921
1072.0636007827788,999
1073.0606653620353,950
1074.0577299412917,955
1075.054794520548,944
1076.0518590998042,1039
1077.0489236790606,965
1078.045988258317,1061
1079.0430528375734,1006
1080.0401174168296,1168
1081.037181996086,4933
1082.0342465753424,1905
1083.0313111545988,1088
1084.0283757338552,1074
1085.0254403131116,1164
1086.022504892368,1069
1087.0195694716242,995
1088.0166340508806,990
1089.013698630137,1033
1090.0107632093934,1085
1091.0078277886496,1123
1092.004892367906,1085
1093.0019569471624,1047
1093.9990215264188,979
1094.9960861056752,1024
1095.9931506849316,1038
1096.9902152641878,1118
1097.9872798434442,1102
1098.9843444227006,1001
1099.981409001957,945
1100.9784735812132,1041
1101.9755381604696,1246
1102.972602739726,1083
1103.9696673189824,1190
1104.9667318982388,5408
1105.9637964774952,65535
1106.9608610567516,6059
1107.9579256360078,1520
1108.9549902152642,4637
1109.9520547945206,1791
1110.949119373777,1122
1111.9461839530331,1067
1112.9432485322895,1511
1113.940313111546,958
1114.9373776908024,1103
1115.9344422700588,1031
1116.9315068493152,991
1117.9285714285716,1010
1118.9256360078277,989
1119.9227005870841,1061
1120.9197651663405,1040
1121.916829745597,1361
1122.9138943248531,1054
1123.9109589041095,1047
1124.908023483366,1116
1125.9050880626223,932
1126.9021526418787,1050
1127.8992172211351,1104
1128.8962818003913,1038
1129.8933463796477,1011
1130.890410958904,2559
1131.8874755381605,6798
1132.8845401174167,1235
1133.881604696673,1138
1134.8786692759295,1069
1135.875733855186,1020
1136.8727984344423,1080
1137.8698630136987,1095
1138.866927592955,1210
1139.8639921722113,1227
1140.8610567514677,1579
1141.858121330724,18781
1142.8551859099805,65535
1143.8522504892367,12959
1144.849315068493,2138
1145.8463796477495,1843
1146.8434442270059,1425
1147.8405088062623,1219
1148.8375733855187,1177
1149.8346379647749,1124
1150.8317025440313,1062
1151.8287671232877,1156
1152.825831702544,1145
1153.8228962818002,1302
1154.8199608610566,1019
1155.817025440313,1023
1156.8140900195694,998
1157.8111545988259,1367
1158.8082191780823,1323
1159.8052837573387,1016
1160.8023483365948,1089
1161.7994129158512,1035
1162.7964774951076,2902
1163.793542074364,1554
1164.7906066536202,1047
1165.7876712328766,1038
1166.784735812133,1225
1167.7818003913894,12709
1168.7788649706458,6123
1169.7759295499022,1177
1170.7729941291586,1105
1171.7700587084148,9372
1172.7671232876712,10772
1173.7641878669276,1315
1174.761252446184,1060
1175.7583170254402,1049
1176.7553816046966,1044
1177.752446183953,1069
1178.7495107632094,982
1179.7465753424658,1032
1180.7436399217222,1890
1181.7407045009784,1739
1182.7377690802348,1237
1183.7348336594912,999
1184.7318982387476,990
1185.7289628180038,1186
1186.7260273972602,1299
1187.7230919765166,1086
1188.720156555773,951
1189.7172211350294,921
1190.7142857142858,1180
1191.7113502935422,1157
1192.7084148727984,1051
1193.7054794520548,968
1194.7025440313112,970
1195.6996086105676,961
1196.6966731898237,1046
1197.6937377690801,992
1198.6908023483365,942
1199.687866927593,898
1200.6849315068494,1018
1201.6819960861058,1067
1202.6790606653622,1817
1203.6761252446183,1813
1204.6731898238747,1116
1205.6702544031311,1089
1206.6673189823875,979
1207.6643835616437,1029
1208.6614481409001,1241
1209.6585127201565,1325
1210.655577299413,1076
1211.6526418786693,1392
1212.6497064579257,1365
1213.646771037182,1027
1214.6438356164383,981
1215.6409001956947,1164
1216.6379647749511,1998
1217.6350293542073,1327
1218.6320939334637,1034
1219.62915851272,1005
1220.6262230919765,1492
1221.623287671233,8166
1222.6203522504893,2888
1223.6174168297457,1068
1224.6144814090019,1104
1225.6115459882583,3049
1226.6086105675147,2137
1227.605675146771,3711
1228.6027397260273,8002
1229.5998043052837,1792
1230.59686888454,1298
1231.5939334637965,1013
1232.5909980430529,965
1233.5880626223093,890
1234.5851272015657,982
1235.5821917808219,984
1236.5792563600783,968
1237.5763209393347,1303
1238.573385518591,1160
1239.5704500978472,895
1240.5675146771036,939
1241.56457925636,922
1242.5616438356165,858
1243.5587084148729,942
1244.5557729941293,989
1245.5528375733854,1025
1246.5499021526418,1013
1247.5469667318982,980
1248.5440313111546,1515
1249.5410958904108,1769
1250.5381604696672,1316
1251.5352250489236,1041
1252.53228962818,992
1253.5293542074364,1001
1254.5264187866928,3436
1255.5234833659492,4761
1256.5205479452054,1471
1257.5176125244618,1511
1258.5146771037182,8712
1259.5117416829746,5441
1260.5088062622308,4136
1261.5058708414872,1807
1262.5029354207436,1540
1263.5,6110
